130 1.36164726E+02 6.02630654E-02 1.45822428E+00 5.76918270E-04
140 1.20497527E+02 5.31021895E-02 1.17358826E+00 4.40086700E-04
150 1.07535364E+02 4.70412205E-02 9.55245178E-01 3.41223022E-04
160 9.67058931E+01 4.22217710E-02 7.85420846E-01 2.71134228E-04
170 8.75707126E+01 3.82923730E-02 6.51702302E-01 2.15081375E-04
180 7.98106715E+01 3.48912872E-02 5.45170236E-01 1.73456153E-04
190 7.31730330E+01 3.21479171E-02 4.59473205E-01 1.40843139E-04
200 6.74701341E+01 2.99532361E-02 3.89888066E-01 1.15470620E-04
210 6.25524346E+01 2.78468404E-02 3.32921589E-01 9.54213651E-05
220 5.82907844E+01 2.59632145E-02 2.85937566E-01 7.93837597E-05
230 5.45898292E+01 2.44579429E-02 2.46899678E-01 6.63657094E-05
240 5.13786527E+01 2.31793853E-02 2.14239834E-01 5.59530824E-05
250 4.85965232E+01 2.21768864E-02 1.86751920E-01 4.74697097E-05
260 4.61931031E+01 2.12214580E-02 1.63489676E-01 4.05529966E-05
270 4.41399678E+01 2.04263316E-02 1.43698783E-01 3.48606063E-05
280 4.24103026E+01 1.98151308E-02 1.26774779E-01 3.01314944E-05
290 4.09894083E+01 1.93447076E-02 1.12235727E-01 2.61458791E-05
300 3.98750939E+01 1.91426717E-02 9.96924408E-02 2.27754002E-05
310 3.90814604E+01 1.88156225E-02 8.88259949E-02 1.99160731E-05
320 3.86663020E+01 1.90622326E-02 7.93754383E-02 1.75119917E-05
330 3.87350380E+01 1.93434285E-02 7.11260500E-02 1.54270961E-05
340 3.95863814E+01 2.00475060E-02 6.39007776E-02 1.36320042E-05
350 4.28283728E+01 2.18541081E-02 5.75519522E-02 1.20807099E-05
360 4.48427311E+01 2.35159970E-02 5.19560988E-02 1.07363309E-05
370 4.52596085E+01 2.43483554E-02 4.70096430E-02 9.57072247E-06
380 4.46279804E+01 2.45303543E-02 4.26246285E-02 8.55115527E-06
390 4.33073362E+01 2.43391109E-02 3.87278762E-02 7.65198822E-06
400 4.15507769E+01 2.38237961E-02 3.52556358E-02 6.86010168E-06
420 3.73885955E+01 2.22293839E-02 2.93766270E-02 5.56121845E-06
440 3.30101333E+01 2.03419876E-02 2.46455291E-02 4.55099583E-06
450 3.08786526E+01 1.93800836E-02 2.26216723E-02 4.13160073E-06
460 2.88251560E+01 1.84196819E-02 2.08009156E-02 3.75702210E-06
480 2.50130230E+01 1.65008057E-02 1.76608437E-02 3.12295446E-06
500 2.16313126E+01 1.47066600E-02 1.50745504E-02 2.61426533E-06
520 1.86777095E+01 1.31022448E-02 1.29305060E-02 2.20410208E-06
540 1.61225858E+01 1.16149625E-02 1.11426433E-02 1.86266405E-06
550 1.49813442E+01 1.09479184E-02 1.03605531E-02 1.71767369E-06
560 1.39239639E+01 1.03203559E-02 9.64327621E-03 1.58656480E-06
580 1.20383439E+01 9.16527456E-03 8.37917910E-03 1.35662491E-06
600 1.04238586E+01 8.18341258E-03 7.30820323E-03 1.16498419E-06
620 9.04159176E+00 7.31486776E-03 6.39655082E-03 1.00624719E-06
640 7.85775897E+00 6.53726314E-03 5.61740144E-03 8.71885472E-07
650 7.33092685E+00 6.18132571E-03 5.27044933E-03 8.13136650E-07
660 6.84289673E+00 5.84923054E-03 4.94870401E-03 7.59000128E-07
680 5.97139765E+00 5.26427722E-03 4.37264142E-03 6.62649327E-07
700 5.22192380E+00 4.74846281E-03 3.87455602E-03 5.80744516E-07
720 4.57615634E+00 4.28143567E-03 3.44239537E-03 5.09696406E-07
740 4.01864597E+00 3.86946149E-03 3.06619420E-03 4.49347855E-07
750 3.76888137E+00 3.68219370E-03 2.89643383E-03 4.22331513E-07
760 3.53648480E+00 3.50659974E-03 2.73767924E-03 3.97129168E-07
780 3.11841240E+00 3.17872117E-03 2.44995183E-03 3.51451547E-07
800 2.75543857E+00 2.89109843E-03 2.19727755E-03 3.11411009E-07
820 2.43959790E+00 2.62758210E-03 1.97478519E-03 2.76482121E-07
840 2.16402562E+00 2.39503066E-03 1.77836922E-03 2.46054325E-07
850 2.03955244E+00 2.28928040E-03 1.68882722E-03 2.32357921E-07
860 1.92313832E+00 2.18899390E-03 1.60453862E-03 2.19622738E-07
880 1.71223313E+00 2.00259201E-03 1.45034146E-03 1.96648977E-07
900 1.52714401E+00 1.83841770E-03 1.31326119E-03 1.76487334E-07
920 1.36439795E+00 1.69213524E-03 1.19114047E-03 1.58786678E-07
940 1.22105346E+00 1.55225385E-03 1.08212109E-03 1.43199174E-07
950 1.15584511E+00 1.48623814E-03 1.03201799E-03 1.36079854E-07
960 1.09456656E+00 1.42583706E-03 9.84607583E-04 1.29333552E-07
980 9.82760355E-01 1.31465542E-03 8.97209412E-04 1.16875699E-07
1000 8.83724959E-01 1.21544413E-03 8.18737659E-04 1.05661135E-07
1100 5.30850588E-01 8.36064809E-04 5.28439075E-04 6.58150721E-08
1200 3.29359459E-01 5.78728733E-04 3.51128941E-04 4.23524070E-08
1300 2.10208545E-01 4.15905792E-04 2.39165857E-04 2.80335641E-08
1400 1.37531372E-01 3.05893222E-04 1.66413420E-04 1.90858385E-08
1500 9.19613954E-02 2.29938915E-04 1.17964028E-04 1.33179159E-08
1600 6.26936823E-02 1.74819205E-04 8.50036622E-05 9.45147562E-09
1700 4.34855850E-02 1.34293867E-04 6.21476201E-05 6.79225328E-09
1800 3.06370457E-02 1.05020660E-04 4.60309375E-05 4.98714211E-09
1900 2.18892808E-02 8.30465224E-05 3.44935041E-05 3.65893415E-09
2000 1.58394283E-02 6.62106949E-05 2.61219256E-05 2.71123605E-09
2100 1.15956793E-02 5.34654234E-05 1.99728035E-05 2.04942942E-09
2200 8.57969772E-03 4.34741076E-05 1.54057067E-05 1.55598947E-09
2300 6.40992681E-03 3.54348533E-05 1.19787892E-05 1.20989143E-09
2400 4.83238146E-03 2.91050603E-05 9.38319558E-06 9.31656587E-10
2500 3.67363283E-03 2.41512728E-05 7.40028289E-06 7.19335034E-10
2600 2.81439625E-03 2.01294641E-05 5.87343093E-06 5.60695869E-10
2700 2.17153475E-03 1.68569122E-05 4.68907539E-06 4.44603352E-10
2800 1.68672685E-03 1.41631755E-05 3.76418289E-06 3.55144111E-10
2900 1.31839618E-03 1.19770271E-05 3.03715837E-06 2.84325710E-10
3000 1.03652270E-03 1.01638093E-05 2.46232338E-06 2.29842540E-10
3100 8.19424519E-04 8.65001154E-06 2.00525150E-06 1.87034393E-10
3200 6.51143559E-04 7.39248805E-06 1.63995434E-06 1.52153214E-10
3300 5.19945791E-04 6.35054398E-06 1.34655224E-06 1.23931380E-10
3400 4.17075729E-04 5.48524289E-06 1.10978807E-06 1.01869531E-10
3500 3.36006375E-04 4.72897957E-06 9.17884211E-07 8.37530455E-11
3600 2.71807370E-04 4.09965823E-06 7.61715804E-07 6.91503424E-11
3700 2.20722642E-04 3.56336859E-06 6.34126202E-07 5.76423333E-11
3800 1.79899214E-04 3.10912730E-06 5.29500048E-07 4.78760123E-11
3900 1.47141882E-04 2.71832812E-06 4.43407850E-07 3.99486679E-11
4000 1.20750146E-04 2.39229987E-06 3.72323638E-07 3.34121996E-11
