130 4.52858331E+01 2.15042672E-02 4.65329384E-01 1.71860071E-04
140 3.92878746E+01 1.88304145E-02 3.66453872E-01 1.28182055E-04
150 3.44054053E+01 1.68277156E-02 2.92099100E-01 9.74396319E-05
160 3.03867579E+01 1.52846460E-02 2.35378242E-01 7.53964185E-05
170 2.70424805E+01 1.40990357E-02 1.91534085E-01 5.90744861E-05
180 2.42373980E+01 1.28262529E-02 1.57236538E-01 4.67848676E-05
190 2.18691595E+01 1.19406243E-02 1.30111074E-01 3.73765908E-05
200 1.98539071E+01 1.11153637E-02 1.08456237E-01 3.01370468E-05
210 1.81293867E+01 1.04628641E-02 9.10142620E-02 2.45602846E-05
220 1.66476933E+01 9.89595195E-03 7.68524854E-02 2.01725905E-05
230 1.53712524E+01 9.44074166E-03 6.52592074E-02 1.67203016E-05
240 1.42688476E+01 9.03353964E-03 5.57208667E-02 1.39472760E-05
250 1.33157352E+01 8.65735313E-03 4.78061622E-02 1.16925426E-05
260 1.24927953E+01 8.34654425E-03 4.12029954E-02 9.87745978E-06
270 1.17847156E+01 8.09924301E-03 3.56636860E-02 8.38120433E-06
280 1.11808352E+01 7.90403062E-03 3.09927849E-02 7.15075508E-06
290 1.06731482E+01 7.75893106E-03 2.70350774E-02 6.11696371E-06
300 1.02584652E+01 7.64284452E-03 2.36666445E-02 5.26593335E-06
310 9.93770527E+00 7.62741956E-03 2.07865238E-02 4.55207596E-06
320 9.71965670E+00 7.64088967E-03 1.83142397E-02 3.95232365E-06
330 9.62843744E+00 7.73872682E-03 1.61837811E-02 3.44249981E-06
340 9.73399621E+00 8.02113009E-03 1.43412401E-02 3.00603575E-06
350 1.04248721E+01 8.74675133E-03 1.27423714E-02 2.63519955E-06
360 1.08021950E+01 9.41786178E-03 1.13502338E-02 2.31711959E-06
370 1.07867768E+01 9.78730369E-03 1.01345426E-02 2.04018669E-06
380 1.05210179E+01 9.87564382E-03 9.06979715E-03 1.80055283E-06
390 1.00996620E+01 9.77916249E-03 8.13470049E-03 1.59447843E-06
400 9.58638033E+00 9.59175515E-03 7.31127373E-03 1.41524814E-06
420 8.44376638E+00 9.00803698E-03 5.94084481E-03 1.12450195E-06
440 7.29970041E+00 8.27542913E-03 4.86249405E-03 9.02462534E-07
450 6.75764162E+00 7.90550155E-03 4.41031698E-03 8.11340777E-07
460 6.24344603E+00 7.53263186E-03 4.00662897E-03 7.30899246E-07
480 5.30829165E+00 6.78664935E-03 3.32185170E-03 5.93467242E-07
500 4.49922432E+00 6.09589899E-03 2.76991930E-03 4.85647235E-07
520 3.80886028E+00 5.44246416E-03 2.32206134E-03 4.00908338E-07
540 3.22442228E+00 4.89212503E-03 1.95628060E-03 3.33146829E-07
550 2.96751994E+00 4.60908349E-03 1.79875226E-03 3.04229955E-07
560 2.73172365E+00 4.33045418E-03 1.65572335E-03 2.78227465E-07
580 2.31759604E+00 3.84093728E-03 1.40738769E-03 2.32801379E-07
600 1.96966465E+00 3.43693772E-03 1.20115906E-03 1.95873185E-07
620 1.67729810E+00 3.07613311E-03 1.02906600E-03 1.65418046E-07
640 1.43136165E+00 2.75250800E-03 8.84812895E-04 1.40255295E-07
650 1.32338080E+00 2.60190807E-03 8.21506663E-04 1.29490240E-07
660 1.22423460E+00 2.46753547E-03 7.63367737E-04 1.19699860E-07
680 1.04947367E+00 2.22600606E-03 6.60700191E-04 1.02578356E-07
700 9.01748370E-01 1.99994288E-03 5.73593980E-04 8.83614253E-08
720 7.76581191E-01 1.80890802E-03 4.99419574E-04 7.62105160E-08
740 6.70315181E-01 1.63293961E-03 4.36031346E-04 6.59458361E-08
750 6.23298828E-01 1.55333420E-03 4.07825263E-04 6.14700335E-08
760 5.79909328E-01 1.47888836E-03 3.81686963E-04 5.74096943E-08
780 5.02800744E-01 1.33742750E-03 3.34939927E-04 5.02211606E-08
800 4.36881109E-01 1.21466447E-03 2.94611377E-04 4.38977149E-08
820 3.80407819E-01 1.10233456E-03 2.59723505E-04 3.83620815E-08
840 3.31911793E-01 1.00363287E-03 2.29461110E-04 3.35909482E-08
850 3.10268863E-01 9.58172353E-04 2.15848705E-04 3.15495368E-08
860 2.90182095E-01 9.15546820E-04 2.03145183E-04 2.96780047E-08
880 2.54194297E-01 8.38064084E-04 1.80202773E-04 2.60604802E-08
900 2.23086664E-01 7.65957951E-04 1.60156506E-04 2.29347419E-08
920 1.96144888E-01 7.01131086E-04 1.42599753E-04 2.01510847E-08
940 1.72762908E-01 6.43278577E-04 1.27188858E-04 1.78047302E-08
950 1.62245569E-01 6.16476318E-04 1.20195560E-04 1.67597527E-08
960 1.52434405E-01 5.91127781E-04 1.13633684E-04 1.58002705E-08
980 1.34724644E-01 5.44056929E-04 1.01687242E-04 1.40555275E-08
1000 1.19267312E-01 5.01581908E-04 9.11384699E-05 1.25083464E-08
1100 6.63468897E-02 3.38130779E-04 5.38503132E-05 7.21639141E-09
1200 3.81967284E-02 2.32465999E-04 3.28374003E-05 4.23738550E-09
1300 2.26540416E-02 1.64357809E-04 2.05695879E-05 2.56175680E-09
1400 1.37899897E-02 1.17121238E-04 1.31866250E-05 1.61960039E-09
1500 8.58844895E-03 8.52696703E-05 8.62524780E-06 1.04956431E-09
1600 5.45861786E-03 6.29215836E-05 5.74274820E-06 6.89592866E-10
1700 3.53215899E-03 4.71261200E-05 3.88395082E-06 4.60713554E-10
1800 2.32278233E-03 3.56490263E-05 2.66371426E-06 3.13584828E-10
1900 1.54983110E-03 2.73221021E-05 1.84985057E-06 2.15777322E-10
2000 1.04775875E-03 2.12068924E-05 1.29919857E-06 1.50087590E-10
2100 7.16769566E-04 1.64869213E-05 9.21824759E-07 1.05518648E-10
2200 4.95683060E-04 1.29845736E-05 6.60194528E-07 7.46296088E-11
2300 3.46197503E-04 1.03077584E-05 4.76840951E-07 5.32676365E-11
2400 2.43982781E-04 8.20183349E-06 3.47085828E-07 3.83871329E-11
2500 1.73376420E-04 6.58746049E-06 2.54440147E-07 2.79651538E-11
2600 1.24191205E-04 5.23739676E-06 1.87743812E-07 2.05070217E-11
2700 8.95465255E-05 4.28006691E-06 1.39368965E-07 1.51748536E-11
2800 6.49948890E-05 3.49013877E-06 1.04035977E-07 1.12498259E-11
2900 4.74601858E-05 2.84878409E-06 7.80604936E-08 8.40612755E-12
3000 3.48493246E-05 2.34183583E-06 5.88499382E-08 6.33218859E-12
3100 2.57217534E-05 1.93682777E-06 4.45639070E-08 4.77938933E-12
3200 1.90763829E-05 1.60345960E-06 3.38835012E-08 3.59425300E-12
3300 1.42112559E-05 1.33308713E-06 2.58612971E-08 2.73877963E-12
3400 1.06303782E-05 1.11147447E-06 1.98082683E-08 2.10474063E-12
3500 7.98228984E-06 9.26730586E-07 1.52221665E-08 1.60196209E-12
3600 6.01528315E-06 7.75231983E-07 1.17337004E-08 1.23385702E-12
3700 4.54816209E-06 6.51889473E-07 9.07027496E-09 9.60614424E-13
3800 3.44943027E-06 5.49571463E-07 7.03003126E-09 7.62257565E-13
3900 2.62366011E-06 4.64212934E-07 5.46203330E-09 5.93226038E-13
4000 2.00094439E-06 3.93737013E-07 4.25332740E-09 4.51596861E-13
