125   5.14482460E+01   5.94986254E-01  
200   2.06306665E+01   1.24601048E-01  
300   1.12344021E+01   2.77106484E-02  
400   1.08557811E+01   8.70179257E-03  
500   5.35595448E+00   3.34578556E-03  
600   2.42846269E+00   1.47091155E-03  
700   1.14510990E+00   7.11540959E-04  
800   5.70658266E-01   3.69965286E-04  
900   2.99534652E-01   2.03510854E-04  
1000   1.64724541E-01   1.17139608E-04  
1100   8.52293854E-02   6.99845457E-05  
1200   4.95458155E-02   4.31410890E-05  
1300   2.96685718E-02   2.73124297E-05  
1400   1.82298269E-02   1.76925320E-05  
1500   1.14590769E-02   1.16925428E-05  
1600   7.34962410E-03   7.86416009E-06  
1700   4.79972032E-03   5.37258716E-06  
1800   3.18511325E-03   3.72170741E-06  
1900   2.14452037E-03   2.61036590E-06  
2000   1.46289923E-03   1.85156334E-06  
2100   1.00992612E-03   1.32679270E-06  
2200   7.04787936E-04   9.59581758E-07  
2300   4.96736354E-04   6.99925289E-07  
2400   3.53310021E-04   5.14510539E-07  
2500   2.53405542E-04   3.80914584E-07  
2600   1.83146983E-04   2.83861298E-07  
2700   1.33311211E-04   2.12825283E-07  
2800   9.77106301E-05   1.60461590E-07  
2900   7.20279479E-05   1.21614283E-07  
3000   5.34019549E-05   9.26186949E-08  
3100   3.98019712E-05   7.08534552E-08  
3200   2.98114461E-05   5.44289824E-08  
3300   2.24306740E-05   4.19753545E-08  
3400   1.69494221E-05   3.24885847E-08  
3500   1.28587943E-05   2.52311669E-08  
3600   9.79173033E-06   1.96570884E-08  
3700   7.48187005E-06   1.53601278E-08  
3800   5.73550381E-06   1.20357547E-08  
3900   4.41017802E-06   9.45522853E-09  
4000   3.40076207E-06   7.44586544E-09  
